1024611264
1069652505
1071395955
1080278743
1057539901
1149428177
1161791474
1163930377
1177538755
1237109342
1238293070
1238400067
1242315447
1249575373
1273345217
1275235381
1278155664
1287763850
1341183201
1355516002
1362113660
1371952324
1372426294
1405494397
1406569023
1412280534
1424958860
1428514052
1430226295
1437780817
1438819403
1440939082
1442431521
1533576043
1553638570
1565359384
1569292247
1599315190
1627651924
1628677477
1635374934
1638345164
1639697622
1642073243
1648748542
1650254997
1657377033
1662568891
1668075494
1671669331
1684892785
1687854327
1697583620
1699341142
1703420357
1711730301
1711774640
1711906544
1720055177
1734465322
1739636063
1761440614
1762901112
1768206720
1771443730
1772112613
1772483351
1772928614
1780368803
1799090591
1803889674
1805741880
1806775502
1808074104
1823093857
1823492827
1828290917
1832068381
1832181315
1834023444
1849065705
1851397621
1853004904
1857768742
1858284742
1863792341
1867573791
1867682701
1868043311
1876259453
1877347654
1882547907
1885434317
1887927493
1893748821
1897856565
1908848893
1912015121
1912962573
1915924712
1917048154
1918774482
1922360840
1934801684
1942536853
1948039074
1949142934
1951113427
1952116440
1955020080
1956894162
1958570917
1962018051
1965552242
1971797907
1971881973
1989357921
1991396037
1996673125
2001911524
2002163155
2011006271
2043950765
2044916470
2060551151
2074360613
2081547643
2092163542
2107215262
2117116195
2118558342
2119259317
2119689142
2121088040
2122052317
2123577273
2130583677
2131196917
2131989515
2143392333
2147455193
2159440562
2177916365
2186379353
2191632505
2192064077
2193076792
2193630271
2196355110
2198369270
2210078951
2235357915
2241801292
2260527387
2275682491
2281414033
2287834983
2293619780
2294243095
2308492591
2312038962
2328317400
2332708000
2340220867
2350404593
1004171625
2374482571
2377033741
2397796131
2405771201
2406384122
2409663921
2416515420
1750823220
2449240244
2453516507
2458976025
2461436027
2462153302
1891710514
2471930287
2473486107
2484980165
2486172100
2490282930
2499443931
2512979263
2533505993
2538505475
2541383303
2551023255
2551972483
2553312072
2553404770
2566462411
2588517060
2621481550
2624614401
2629194247
2631281563
2632184387
2634551721
2638572683
2650855782
2653665715
2656202363
2656522484
2657216687
2670051163
2671131974
2676893841
2687981023
2693712204
2693810044
2703899075
2710577902
2712480993
2714434593
2720200587
2726342143
2731223861
2732859222
2734457125
2735703043
2739039707
2747241427
2747689695
2785380625
2788485057
2795126420
2809020247
2809184674
2812483844
2816561633
2818868854
2843645462
2860218530
2865455734
2877206770
1926569757
2884179397
2891339864
2908878853
1046313170
2924415681
2932853153
2933649003
2953049895
2955836390
2958976732
2965123832
2970455730
2971401421
2977806913
2980400601
2986384091
1598981861
2994199824
2996183882
3024254792
1416495134
3026421761
3028298857
3031448501
3038470202
3082583165
3094958411
3095940182
3099790635
3104234961
3109916931
3112848973
3121370610
3130774855
3135904417
3154302592
3156258602
3162314637
3163901170
3170745252
3174507522
3174743414
3176913834
3176963857
3181363195
3182156844
3185350644
3185607921
3190741901
3192836654
3197944734
3205865735
3218302372
3227961660
3229816172
3241663760
3248088003
3269096930
3277567757
3278800431
3300514137
3310612180
3312009390
3327077170
3327306824
3332220832
3436592790
3449561260
3496200364
3500504973
3514868552
3516612895
3564369585
3568748770
3592287990
3602502444
3625667944
3628025160
3659437772
3693758855
3720561207
3722064291
3737809500
3698311482
3820199243
3820993092
3829239755
3841656160
3853553276
3855379318
3877152028
3879289525
3879294114
3891791278
3894217008
3899938011
3905403589
3906489814
3908879579
3911061079
3915005005
3926743792
3929136838
3930136150
3937770271
3942654655
3946352047
3948697791
3949303016
3950382234
3951747695
3952665934
3953889021
3966195183
3972879560
2497399245
5016477975
5017400731
5017514641
5018263960
5018983299
5019982719
5022432520
5036474880
5037545003
5045631973
5063552823
5069102977
5076593416
5083202441
5089659363
5089917153
5091617462
5096792294
5098728037
5100449374
5102502444
5116188434
5116942357
5124647991
5127243993
5129977553
3502446014
5139226538
5143332690
5145744197
5146764572
5148930442
5155871791
5157480212
3698199183
5170988022
5180518233
5181155044
5190054852
5194455730
5196549269
5196844080
5203806236
5215156664
5217289483
5219079217
5220423457
5222791476
5238236578
5238584384
5243148296
5243638552
5248349050
5257007112
2318998083
5263777921
5264124544
5264329104
5266195403
1739385662
5272117613
5275888264
5283768898
5289668697
5290420616
5294314080
5295207548
2982727705
3882971165
5300120048
5302033773
5308671885
5310579040
5311487627
5315162002
5319545677
5319605021
5321387230
5322164341
5324709905
5328969821
5331914736
5332881199
5339736786
5341530686
5342234788
5346356501
5348918553
5350786241
5352877524
5353006202
5354566300
5358689534
5359812567
5359941441
5363974894
5371943617
5374097037
5374169453
5379665812
5380558972
3232608730
5394103381
5398247275
5403190307
5411956202
5417392987
5456936189
5459604350
5478889018
5485714694
5486355867
5489595823
5491866341
5494026288
5495443882
5495936620
5499616896
5499890514
5503071162
5509690593
5514941968
5516334783
5516437237
5516905344
5518753442
2251400541
5523170872
2866249190
5527838669
5531346854
5532405009
5533176374
5533416837
5534233193
5534471998
5536876739
5537119861
5539473692
5540114457
5546185083
5547997193
5550100928
5553664532
1394263377
5576489719
5581806090
5587179663
3946170783
5592238313
5592569770
5593322305
5596448749
5596696407
5601300539
5602740547
5604362545
5605005993
1440199447
5606958263
5616017298
5625320642
5625382299
5625715125
5631265967
5635330501
5640625161
5640861346
5641370437
5642783644
5644684173
5647308942
5650499315
5652286431
5653335112
5655965203
5656534927
1943494890
5658337732
5662166645
5666109695
5672559643
5674035885
5675224362
5676158293
5676983092
5679141625
5680482945
5681574036
5682232117
5683392130
5685523319
5687752342
5694378514
5694609513
5695516196
5696776659
5698283790
5701474378
5705525144
5713154826
5714470960
5714502899
5718750685
5723460874
5732519806
5743351753
5744545671
5750144481
5750868067
5750885014
5752206879
5757274526
5770337714
5772142398
5777659293
5779084045
5782370695
5794102333
5797615214
5797822143
5800119969
5802927717
5807528215
5819285912
5825131327
5829997627
5831403177
5832854924
1877800815
5835235627
5835726404
5836131938
5836723254
5838560527
3820767843
5839753001
5844311944
5848364882
5849060486
5851163843
5853582869
5854514992
5856975392
5857635010
5863365922
5864113526
5866527264
5867936884
5869239195
5869637444
5872166737
5872443960
5873430819
5873693729
5873836982
5873886070
5875264595
5878845657
5880368745
5885418167
5886009289
5888176076
5888258712
5888898779
5890819093
5891874262
5892801530
5894661337
5902666282
5905850876
5905990556
5915083204
5924360368
5925395915
5932421000
5932949457
5940531388
5945630696
5950186491
5951737936
5970025361
5970633240
5972748785
5973429394
5973432697
5974677787
5978098289
5983119360
5984680978
5984975820
5985217064
5994766159
5997700763
5998076635
5999143488
6001224869
6001521442
6001759435
6002118916
6004717656
6006738729
6009775317
6014907360
6015880675
6024012950
6028001699
6028878493
6030090456
6030496119
6030607273
6035443201
6044795277
6045461052
6046709918
6047352601
6047596395
6051654492
6053294523
6055003874
6055142840
6056632348
6057906346
6060395202
6062052793
6063554355
6064206005
6067511411
6068377950
6068666823
6071796852
6072681863
6073078932
6076717284
6078065924
6083699951
6085395141
6087131440
6088547464
6091065985
6092423043
6093311725
6094151263
6097245509
6098362301
6100210415
6100762673
6101953568
6104499843
6109952565
6111825071
6112248456
6112514190
6116905171
6120656612
6124024665
6124610923
6124938550
6125797024
6126753677
6128311891
6130717046
6132718485
6132903417
6136580871
6140490312
6143554341
6144057582
6146045683
6148103456
6149725026
6155500850
6157509644
6159323708
6160861358
6173177144
6174581115
6187049515
6187679488
6189722233
6200098581
6205876071
6208751089
6212617945
6213437064
6220061122
6220986636
6222679665
6222815460
6225209000
6226883216
6228013772
6229520863
6236302777
6248664983
1223629392
1306568335
1881334910
2261602044
2541585574
2609642173
2830675514
5097730952
5202544618
3714530660
5290143465
5301919685
5316765232
5870321767
5960594824
5997339059
6229480096
6276486743
6280946688
6282838835
6285741363
6286817792
6296602089
6297018586
1743157941
6313700385
6313858421
6316074370
6318899918
6319166772
6320620365
6321153825
6321323186
6321904834
6323268074
6323332981
2125132681
5847329635
6323703471
6324296946
6324893893
6327359127
6331851369
6332000262
6333353385
6337907751
6341751391
6342048640
6342181598
6343320309
6343636652
6344994938
6346718743
6348103599
6348219170
6348228503
5729824587
6350277607
6351099399
6352171768
6353830376
6355297724
6356568228
6357260385
6358466326
6360022691
6364460301
6366028134
6366718825
6368037352
6371131760
6372843524
6373176444
6376473472
6377891744
6378569902
6380389647
6382276480
6384670132
6398907527
6402820518
6408850782
6410606442
6411096681
6413771169
6416523279
6418600613
6421480486
6430078425
6440671798
6441447545
6445873537
6451612520
6454992618
6455552351
6457935538
6459392738
6464667287
6468735431
6468745638
6472284018
6475989176
6476794065
6478192745
6478279903
6479546964
6483018750
6484081182
6487953229
6488425595
6490500455
6491378644
6491624299
6493533552
6493689101
6495771098
6498945203
6499087906
6499409991
6504582292
6512620286
6512779737
6513206834
6514313917
6518398350
6520618168
6522340400
6522341637
6523039604
6523660649
6532601491
6537667885
6538501804
6538741243
6541871347
6543108603
6550041265
6553614882
6558157759
6558526759
6560142254
6560819913
6561244264
6564247690
6568677440
6571861040
6573258063
6574005224
6575863251
6576075127
6576095790
6577194059
6577537898
6577906459
6584314518
6586588727
6588540437
6588615615
6589830795
6591203281
6592830292
6593718463
6595728837
6595766512
6596226823
6597722092
6598464526
6601162322
6603477124
6609029665
6610026396
6610480774
6611556670
6611706486
6612927041
6613195828
6614560005
6614798103
6614865161
6616257419
6616702216
6619299588
6620311575
6620675913
6621607220
6624508928
6625357532
6626238413
6627449651
6630236161
6632933907
6633093669
6641403673
6649343054
6664077677
6671691319
6674773029
6676663658
6677436277
6681893986
6690094607
6690266439
6690350763
6690910041
6691240442
6692058160
6692636796
6693238940
6693341305
6694689309
6704473101
6705313544
6710816797
63354233266734205802
6740614627
6744330510
6767052809
6778771891
6786205347
6792009547
6802870985
6803879062
6816060453
6822220110
6828133084
6834187520
6837083252
6841326983
6853207519
6855757588
6866418521
6871830232
6875498113
6877367926
6886280836
6887594460
6889449548
6892769645
6897275407
6902283278
6905649960
6917116032
6921013683
6929997747
6931320048
6934502555
6962556702
6963108309
6966000327
6969732851
6972716829
6974495588
6974807077
6980973169
6981616490
6983654119
6988309199
6991572494
6992379400
6996072933
7004188746
7005943163
7007523687
7013431524
7017206566
7017993820
7023954664
7027541922
7029435495
7029948279
7031353025
7034567402
7035415890
7036142248
7041791598
7073591788
7076618881
7084557594
7109189784
7110827900
7127149880
7135617381
7161544714
7181485168
7182923250
7187818321
7192310677
7197261361
7199154771
7202296813
7202868222
7207001426
7208609918
7210001842
7212057226
7214539281
7220519887
7234041789
7237485285
7238357614
7240764198
7241868557
7247912430
7248123376
7254000342
7258569744
7259917202
7261341702
7262769682
7271461451
7274322570
7277362651
7279413995
7279581733
7281577587
7284945504
7285823319
7286564367
7291520789
7292496275
7292499143
7293871551
7295849605
7296391401
7297243172
7302421015
7303463865
7305958881
7307519280
7308131654
7309047317
7309971920
7313164731
7313843171
7317965626
7318008297
7322131136
7323881286
7331575909
7336204148
7339443158
7342427419
7347414160
7351310954
7354704970
7359829532
7360816773
7363910585
7365370245
7365381634
7366420256
7370235614
7374627976
7374641389
7374965734
7375506966
7375686121
7376759273
7376903759
7377387363
7377429287
7381074952
7382064655
7382187921
7384736906
7390607899
7391208604
7391636103
7402142779
7402856002
7403638224
7405508994
7407591714
7412484060
7413749780
7414620872
7414789158
7417830012
7419123886
7420203593
7426742540
7427259551
7431580056
7436093870
7439557508
7441597212
7451456588
7452670332
7454497920
7455755116
7456230095
7457293304
7457520438
7458401839
7460512068
7463011796
7463773828
7465727268
7466433188
7467274058
7469094429
7469245615
7469951851
7471764977
7475615483
7476467039
7478052195
7478235701
7479097227
7479362493
7480972837
7481112621
7483016159
7485132747
7485591699
7488847912
7491028143
7492577052
7494769999
7495941012
7496675184
7497603301
7498000608
7499788457
7501774245
7508360288
7514114617
7520903414
7530055077
7537443070
7540607302
7544597402
7551350240
7552221778
7552877045
7553017735
7553431578
7556315581
7559445049
7561964933
7563883525
7565289002
7565707780
7566081811
7567049698
7567311406
7570527906
7571612186
7574971130
7578335183
7579825192
7581475459
7585494300
7592856251
7593739677
7596300590
7601546512
7606844536
7606898702
7611217421
7611225252
7616732704
7624555967
7625662651
7626424774
7627512228
7635256649
7636706366
7648126327
7651708901
7655498787
7660021954
7669354323
7684747967
7690739532
7703020861
7709280512
7714790593
7719055668
7720930829
7721628455
7725333104
7726163999
7729710357
7730488026
7730778738
7731002152
7732490560
7736133268
7736983773
7737188169
7741172401
7741510335
7743531517
7746920873
7747410412
7749802225
7751949035
7751990664
7752278068
7753566576
7753793161
7754133582
7754851870
7755924712
7756086150
7756190517
7757316080
7759146735
7762412603
7762807890
7763500317
7763643347
7763898261
7764184561
7771835374
7775981214
7781587776
7788038781
7790836260
7795255351
7795810416
7796678570
7797966432
7799120746
7799488789
7801561342
7804198874
7804375683
7806519986
7808932763
7808988703
7810966679
7811954880
7814978939
7819350307
7820352229
7828447843
7828696346
7829709191
7830593153
7833074440
7840284971
7846063831
7846114054
7849968188
7855364212
7860380681
7868955662
7870634551
7872387375
7874318073
7883395057
7886591510
7893665179
7900920665
7901369287
7902240781
7915412305
7925052614
7925595458
7928481064
7946318714
7951247870
7955209029
7971889804
